0003443925884: 1,3,4,6,8,10,12,13,16,17,18,22,23,25
0007898417388: 2,3,4,5,6,7,8,12,15,16,17,21,23,24
0016934771595: 2,3,4,6,8,10,11,12,13,14,18,21,22,25
0025566532350: 2,3,4,6,9,12,13,15,16,17,20,21,23,24
0026969516702: 2,3,4,7,9,10,12,14,19,20,21,22,23,24
0028026882868: 3,5,7,8,9,10,11,15,17,19,20,21,22,24
0037304547683: 2,3,4,6,11,13,14,16,18,19,21,22,23,25
0039481532379: 5,7,8,11,13,15,16,17,18,19,22,23,24,25
0040628068428: 1,2,3,5,8,9,11,15,17,18,20,22,24,25
0041497407268: 3,4,5,6,7,8,9,12,15,17,18,21,22,24
0041593410417: 1,3,4,5,6,8,13,14,17,18,20,21,22,25
0087208962619: 1,2,4,6,7,9,10,14,17,18,19,23,24,25
0096054856391: 2,3,6,8,10,13,15,16,17,18,20,22,23,24
0100630277595: 2,4,5,7,8,9,11,13,14,16,20,22,23,25
0128131092903: 1,3,4,6,7,10,11,14,16,17,19,20,24,25
0138968503775: 3,4,6,8,9,11,12,13,14,16,21,22,24,25
0145552291269: 2,3,4,6,8,10,11,15,17,18,19,20,21,25
0155590326043: 3,7,8,9,10,11,12,15,16,17,18,21,23,25
0156777532145: 2,3,4,5,7,8,9,12,13,19,20,22,24,25
0158907797973: 2,4,5,9,10,11,13,15,16,18,19,21,23,24
0162433311010: 1,2,4,5,6,9,12,13,15,16,17,18,20,24
0168824321645: 2,3,4,5,6,7,8,10,11,12,13,14,19,23
0173329971487: 2,3,4,5,7,13,14,15,16,17,19,20,21,24
0183612673681: 1,2,4,8,9,10,11,12,17,18,19,20,23,25
0188458710618: 1,2,4,5,8,13,16,17,19,20,21,22,23,25
0190425380026: 2,3,4,8,11,14,15,16,17,18,19,21,22,25
0192227552015: 1,3,6,7,9,10,14,16,18,19,20,23,24,25
0218175772153: 1,4,5,6,7,9,10,11,13,14,15,23,24,25
0224793403512: 3,4,5,6,7,8,9,10,11,12,14,16,17,24
0228694015515: 2,4,6,7,8,9,10,12,14,15,18,19,21,22
0239979791717: 3,4,5,6,7,11,14,15,18,19,20,21,22,24
0243871806773: 1,2,3,4,6,7,9,10,11,14,17,19,21,24
0245790477749: 2,3,4,5,6,15,16,18,19,20,21,23,24,25
0254745009671: 2,3,5,6,7,8,15,16,19,20,21,22,23,24
0258118142166: 1,4,8,9,11,12,14,15,17,18,19,21,22,24
0274426748815: 1,3,4,5,6,9,13,14,15,18,19,20,21,23
0274963753911: 1,2,3,5,7,8,9,11,15,18,20,22,23,25
0287183220091: 3,4,6,8,9,11,12,13,17,18,19,20,21,23
0289868957102: 1,3,6,9,11,13,16,17,18,19,20,21,23,25
0293003252164: 2,5,6,7,8,12,13,14,17,18,22,23,24,25
0311186035415: 4,5,6,7,8,9,11,15,16,17,18,22,24,25
0321721425823: 2,4,5,8,9,12,14,15,16,18,20,21,22,23
0333538012676: 1,2,3,4,5,6,8,13,16,17,18,19,20,25
0361765815642: 3,4,5,7,9,10,13,14,15,16,17,21,22,24
0362844576941: 3,4,5,8,10,11,12,14,15,17,19,21,22,24
0365615769287: 1,2,5,7,8,10,11,12,13,14,18,19,22,25
0374181921628: 6,7,8,9,10,12,14,16,17,18,20,22,24,25
0376994255349: 1,2,5,6,10,11,12,14,18,19,20,22,23,25
0380925277496: 2,3,5,6,7,8,9,13,15,20,21,22,23,24
0382974551945: 2,4,5,6,9,11,12,14,15,16,19,21,24,25
0402086469088: 1,2,3,6,8,9,11,14,15,16,20,21,24,25
0403143029684: 1,5,7,8,10,14,15,16,17,18,19,21,22,24
0437116644184: 2,5,8,9,11,14,15,16,18,19,20,22,24,25
0447600935482: 2,4,5,6,7,8,10,12,13,14,15,17,21,23
0451348361092: 2,4,5,6,8,12,15,16,17,18,20,22,24,25
0456584954294: 1,4,5,7,8,9,13,16,17,19,21,23,24,25
0462530160184: 1,2,3,4,5,6,7,11,16,17,20,21,22,24
0489249918951: 3,4,5,7,8,9,10,11,14,16,18,21,22,24
0490798349494: 2,5,6,7,8,9,10,12,13,17,18,19,22,24
0501325839764: 1,6,7,9,10,11,13,14,17,18,20,23,24,25
0507713307949: 2,3,4,5,6,7,9,10,11,12,14,18,19,23
0514210914625: 2,3,4,5,8,9,12,13,17,18,19,20,22,23
0525623164058: 4,6,7,11,12,16,17,18,20,21,22,23,24,25
0546564195024: 1,5,6,7,8,10,11,13,14,15,17,21,23,25
0547607417826: 4,6,8,9,13,14,15,16,19,20,21,22,23,24
0550345812430: 2,3,4,6,7,9,13,14,16,17,18,19,22,23
0556893522238: 4,5,6,8,9,10,11,14,15,18,19,21,22,25
0559929260148: 4,5,6,7,10,11,13,14,17,19,20,23,24,25
0569712942127: 1,3,5,6,8,10,12,14,15,17,18,22,23,24
0572098389104: 3,4,5,6,8,9,10,11,13,14,17,18,19,23
0572494419875: 2,6,8,9,11,13,14,15,17,19,20,21,22,24
0572837943647: 1,5,6,7,8,10,13,14,15,17,19,20,21,25
0580912368957: 1,2,3,4,5,6,7,10,16,18,19,20,23,25
0585146958176: 1,2,3,8,9,13,14,17,18,19,21,22,23,24
0589251508629: 1,2,4,5,6,11,12,14,16,17,21,22,24,25
0589394317606: 2,3,4,5,6,7,8,10,13,14,17,19,21,22
0598781633575: 1,4,6,7,9,11,12,13,14,15,16,19,24,25
0600786321073: 1,2,3,5,6,8,11,13,15,16,18,21,24,25
0611992613347: 1,2,4,6,9,11,12,18,19,21,22,23,24,25
0625666305319: 1,4,6,7,8,9,10,12,14,16,17,19,20,21
0626741223116: 1,4,5,6,8,9,10,14,17,19,21,22,23,24
0627590447565: 1,2,3,4,5,8,10,11,12,15,16,17,21,25
0661854578124: 1,5,6,7,8,9,14,16,19,20,22,23,24,25
0664467921697: 1,3,6,8,9,11,12,14,15,18,20,22,23,24
0666423296030: 1,2,4,5,6,7,11,13,17,18,19,20,21,25
0686904904129: 3,8,9,10,12,13,14,16,17,19,20,22,23,24
0698726662058: 1,2,3,4,5,6,11,13,16,19,21,23,24,25
0707592000256: 2,4,8,12,13,14,15,16,19,21,22,23,24,25
0714659429490: 2,3,5,7,9,11,12,14,15,16,19,23,24,25
0724813336088: 1,4,5,7,10,11,12,15,19,20,22,23,24,25
0726836900069: 3,6,7,8,9,11,13,14,15,17,18,19,20,25
0730580953454: 2,4,5,6,7,9,10,14,17,19,21,23,24,25
0745530691037: 3,6,8,9,12,13,14,15,16,18,19,21,24,25
0746316092649: 3,4,7,8,9,10,11,12,16,18,20,21,22,25
0753182049337: 1,2,3,5,8,9,12,13,14,17,18,22,23,25
0756065412140: 3,4,6,7,9,10,12,13,14,19,20,22,23,25
0787067110910: 3,4,5,6,11,12,13,14,15,16,17,22,24,25
0788843726962: 2,4,7,8,9,12,15,16,17,18,21,22,23,24
0790626815980: 1,2,4,5,8,12,14,15,16,18,20,22,24,25
0797560337076: 3,4,5,6,8,11,12,14,15,16,20,21,22,25
0801145045622: 1,3,4,5,6,9,10,12,13,17,18,19,21,22
0815768266474: 1,4,5,8,9,10,11,13,18,19,20,21,22,24
0822540975647: 1,5,6,8,9,10,11,13,15,18,19,20,22,24
0828994960679: 2,5,7,9,10,12,15,17,19,21,22,23,24,25
0847641175512: 1,3,6,7,9,12,14,16,17,20,22,23,24,25
0849958231151: 1,2,3,4,5,7,11,12,15,16,17,19,23,25
0851293925028: 3,5,6,7,9,14,17,18,19,20,21,23,24,25
0853248589978: 2,4,6,7,12,13,15,17,18,20,21,22,23,25
0853715459352: 3,6,9,10,11,12,13,14,16,17,20,22,23,24
0859309604361: 3,4,6,7,9,11,12,15,17,19,20,22,24,25
0887380967267: 3,8,9,10,11,12,14,15,16,18,20,21,22,25
0906564712570: 1,3,4,5,9,10,11,12,16,17,18,19,20,25
0911984552458: 2,3,5,6,7,9,11,12,13,14,15,22,24,25
0922743378266: 1,2,4,5,7,8,11,13,15,17,20,23,24,25
0948061717170: 1,2,3,4,7,11,15,16,18,19,20,23,24,25
0952222346595: 2,5,6,9,11,12,13,15,16,17,18,20,21,24
0956755408217: 1,3,4,5,8,10,11,12,13,15,16,18,19,25
0972116446417: 1,3,4,5,7,8,13,16,17,19,20,22,23,25
0975879894047: 2,6,8,10,11,12,13,14,16,17,20,22,23,25
0987840833944: 1,2,7,10,13,14,15,16,18,19,20,21,22,25
0999189259962: 6,7,8,9,12,13,16,18,19,20,22,23,24,25
1002732996121: 1,2,4,6,9,12,13,15,17,18,20,21,23,25
1002768707021: 4,5,6,11,14,15,16,17,19,20,21,22,23,25
1004993358682: 3,4,5,6,8,9,10,13,14,15,18,21,23,25
1013019272747: 1,2,3,4,5,6,12,13,16,17,21,23,24,25
1019141546576: 1,6,8,9,10,11,14,15,16,17,19,21,23,24
1025545810084: 1,2,3,4,10,11,13,14,16,17,18,20,22,24
1031387097272: 1,2,4,7,8,10,14,15,16,18,19,21,23,25
1064497861174: 1,2,7,8,9,10,12,13,17,18,19,20,23,25
1076321393501: 3,4,8,10,11,13,14,16,17,18,19,21,22,25
1090033091504: 1,2,3,5,8,9,11,12,14,15,18,19,20,22
1096322361187: 1,2,4,6,7,9,10,12,13,14,17,20,22,24
1109627295273: 2,4,5,6,7,8,10,11,13,14,16,19,21,25
1111956967495: 3,4,5,6,7,8,9,10,14,17,19,21,22,23
1116069247743: 3,6,8,9,10,13,14,15,16,20,21,22,23,25
1118006961495: 1,2,3,4,5,6,7,8,13,14,15,19,23,24
1121473186296: 1,4,7,9,12,13,14,15,17,18,19,20,21,22
1124920176088: 1,4,5,6,7,8,9,10,11,14,20,22,24,25
1144462798109: 1,2,3,4,6,8,11,13,15,17,19,23,24,25
1149932545527: 1,3,4,6,7,10,12,14,17,18,19,21,23,25
1150912679308: 1,2,4,6,10,11,12,13,15,21,22,23,24,25
1151433945744: 1,5,7,9,10,12,13,14,17,19,20,23,24,25
1184617573238: 1,2,3,6,8,10,11,12,14,15,16,17,18,24
1189526362279: 1,2,5,7,9,11,13,14,15,16,17,20,21,22
1204455150009: 1,2,3,5,6,7,8,9,10,12,13,19,22,25
1208960888106: 3,5,6,7,9,15,17,18,20,21,22,23,24,25
1219493678212: 3,5,6,7,8,9,13,14,15,19,20,22,23,25
1219513934338: 2,3,4,8,9,10,12,13,14,17,18,19,23,24
1226062049155: 2,4,5,6,8,9,11,12,15,16,18,21,23,25
1233314230556: 1,2,3,5,7,8,9,12,15,16,17,18,20,24
1253972046604: 1,9,10,11,13,14,15,18,19,20,21,23,24,25
1272581448579: 1,3,5,6,8,9,12,14,15,17,20,21,24,25
1278552946515: 3,5,6,8,10,11,12,13,16,17,20,21,24,25
1282807953647: 3,4,5,7,8,10,13,15,16,18,19,22,23,24
1287095940344: 1,2,3,4,6,7,9,15,17,18,22,23,24,25
1317322245288: 1,3,5,7,8,10,12,13,14,17,19,20,22,25
1320927153508: 3,5,8,10,11,12,14,15,18,20,22,23,24,25
1322336315706: 2,6,7,9,10,11,12,14,15,16,17,20,21,24
1330348037179: 1,2,3,4,5,7,8,9,13,16,17,18,22,25
1342450980477: 2,4,5,6,10,14,16,17,19,20,22,23,24,25
1345449144539: 1,2,4,7,10,11,13,15,17,20,21,22,23,24
1362507386810: 1,2,4,6,7,8,10,12,15,16,17,21,24,25
1364348454653: 1,2,7,10,11,12,13,14,18,19,20,21,22,23
1371744756450: 3,4,6,7,10,11,13,14,17,18,19,21,22,23
1376165786229: 1,5,6,8,10,11,12,13,14,17,20,21,22,23
1378198826998: 2,3,5,6,8,10,12,13,14,15,18,19,21,22
1393715248328: 2,5,6,7,9,10,11,12,13,14,15,17,19,25
1396758470705: 3,4,5,7,9,12,14,15,17,18,20,22,23,25
1405274315802: 2,5,6,7,8,9,10,11,12,13,14,20,23,25
1406206863830: 1,5,7,8,9,12,15,16,17,18,19,20,21,25
1426768302929: 1,3,4,5,6,7,8,9,18,19,22,23,24,25
1432713450768: 1,3,4,6,8,9,16,17,18,19,20,21,24,25
1441584724599: 3,4,5,7,8,10,13,16,18,19,21,22,24,25
1445042847660: 2,3,5,7,9,10,14,15,19,20,21,22,23,24
1452601092089: 2,3,7,8,9,10,14,16,17,20,21,22,23,24
1472632225967: 1,3,4,5,6,7,9,11,12,13,14,15,21,24
1477646202531: 4,5,7,8,11,14,15,16,17,18,20,22,24,25
1497731637973: 4,6,8,9,13,16,17,18,19,21,22,23,24,25
1520291152142: 1,2,3,6,7,9,11,12,13,16,17,19,24,25
1520830255268: 1,2,7,9,10,12,13,16,17,18,21,22,23,25
1540354894339: 1,3,6,7,8,9,10,11,16,17,20,21,23,24
1560836534635: 1,2,3,7,9,10,13,15,16,17,18,19,20,25
1570214774018: 1,2,3,8,9,12,14,15,18,20,21,22,24,25
1570760061510: 1,3,4,5,7,10,11,13,14,15,16,18,22,25
1578214053737: 2,3,4,7,10,11,12,14,15,16,17,18,20,23
1604813258925: 2,5,7,8,9,10,11,12,15,18,20,21,23,25
1643361675075: 2,3,4,6,8,11,12,13,15,16,17,18,19,20
1646913019516: 2,4,7,12,13,14,15,17,18,19,20,21,22,24
1651095084253: 2,4,6,7,9,10,11,14,15,16,18,19,20,23
1664897378990: 5,6,7,8,9,12,13,14,15,16,17,22,24,25
1665146418814: 1,2,3,4,6,7,9,11,12,14,18,19,21,22
1675757486187: 1,2,3,4,5,6,8,9,11,13,18,21,23,24
1689704337248: 1,3,4,6,9,10,11,12,14,15,16,19,20,23
1695222076099: 2,4,5,8,9,10,12,13,15,20,21,22,23,25
1716554425206: 4,5,7,10,15,16,17,18,19,20,21,22,23,24
1720799894460: 1,2,4,7,8,11,14,16,17,19,20,23,24,25
1724893949494: 5,6,7,10,11,13,14,17,19,20,22,23,24,25
1725360947490: 2,3,5,6,8,13,14,15,16,18,19,23,24,25
1727188749658: 5,6,7,8,9,11,12,14,15,16,18,20,23,24
1732121531340: 1,2,3,4,5,7,8,10,11,13,14,16,21,22
1732690333029: 1,3,4,6,7,8,13,17,19,20,21,22,24,25
1733656741692: 1,2,4,6,9,13,15,16,17,18,19,20,24,25
1735070806104: 1,3,4,5,7,8,9,13,16,17,20,23,24,25
1741278383408: 1,2,4,6,7,9,10,15,19,20,21,22,23,25
1749918862611: 2,3,5,8,9,12,14,16,17,19,21,23,24,25
1762269163201: 1,2,7,8,9,10,12,13,16,18,20,23,24,25
1770952663548: 1,2,4,5,6,8,12,13,14,15,18,19,23,25
1771097476684: 3,6,8,10,11,14,15,16,17,18,19,20,21,22
1822279545608: 1,2,5,7,8,9,10,11,12,17,19,20,23,24
1834275008091: 1,4,5,6,7,8,9,10,11,12,14,15,17,20
1860829513539: 1,3,4,5,7,10,11,13,14,15,16,19,23,24
1874472254943: 1,2,5,10,11,12,13,15,16,17,20,21,23,24
1883403237463: 1,3,4,9,10,11,12,13,14,17,18,20,21,24
1887849970373: 3,4,5,6,7,9,10,11,12,13,16,20,23,24
1922466286856: 1,2,3,6,8,11,12,16,18,20,21,22,23,25
1923875872406: 1,2,3,7,9,10,12,13,16,18,19,21,23,24
1925311366480: 5,7,8,9,10,11,14,17,18,20,21,23,24,25
1938574398596: 1,2,5,8,9,10,11,12,13,18,19,22,23,25
1941664580123: 1,2,4,9,11,12,14,16,17,20,21,22,24,25
1959035592963: 1,2,5,6,7,8,14,15,17,19,21,22,23,24
1963528628519: 1,2,5,6,9,11,12,16,17,20,21,22,23,25
1972006546010: 1,2,7,10,12,13,14,15,17,18,19,23,24,25
1973058420773: 2,4,9,11,12,13,15,18,19,20,21,22,23,25
1986903032806: 2,4,5,8,11,13,14,16,17,20,21,22,23,24
1995081812942: 2,4,5,6,12,15,16,18,19,20,22,23,24,25
1997697863583: 1,5,6,7,9,10,11,12,13,14,16,19,23,24
2005954302228: 4,5,10,11,12,15,16,17,18,19,20,21,23,24
2015232475651: 1,2,3,4,5,6,7,8,12,15,16,18,20,22
2031247593940: 1,5,6,8,9,11,15,16,18,20,22,23,24,25
2058601509425: 3,4,5,6,7,9,11,14,15,17,19,20,22,24
2063190364733: 2,3,4,6,7,9,10,11,14,18,20,21,23,25
2068130531652: 2,3,4,6,7,10,11,13,14,15,16,18,19,21
2078020280771: 1,2,3,5,6,8,9,13,14,15,17,18,22,24
2081055691043: 2,4,5,7,8,10,11,13,14,15,18,19,21,22
2098467288965: 1,4,6,8,9,10,11,12,13,15,16,17,23,25
2107774494568: 2,3,5,6,7,8,10,11,12,15,16,21,22,24
2119330540722: 2,4,6,8,9,11,14,15,16,19,21,22,23,25
2119436194117: 1,2,3,6,7,8,9,11,14,15,16,19,20,22
2127144122508: 2,3,5,6,7,8,9,10,11,17,20,22,23,25
2130216660474: 1,2,3,5,6,7,8,10,14,15,17,18,20,24
2136784678651: 1,2,3,4,7,8,10,12,14,18,20,21,22,25
2138124533348: 1,2,3,4,5,6,9,10,12,13,15,20,21,23
2143060201904: 3,4,6,9,12,13,14,16,17,18,20,21,22,24
2148769598214: 1,4,5,7,11,12,13,14,15,17,18,19,21,24
2152544487470: 1,2,4,5,6,7,8,13,15,16,18,21,24,25
2154589131215: 1,2,3,5,6,10,13,15,16,20,21,22,23,24
2208197308028: 2,3,4,5,7,10,12,14,15,16,22,23,24,25
2212214282981: 1,3,5,6,10,11,12,15,16,17,18,19,20,24
2225032362801: 3,4,5,10,12,13,14,15,17,20,21,22,23,24
2230969537864: 1,3,8,10,12,15,18,19,20,21,22,23,24,25
2231021649827: 1,3,4,6,8,10,12,13,14,16,20,21,24,25
2232680254497: 3,4,5,7,11,12,14,15,16,17,18,21,22,23
2248942968716: 1,2,4,5,6,7,8,9,16,17,20,21,22,23
2249900656250: 2,3,5,7,8,9,13,14,15,16,17,21,22,24
2250509559338: 2,3,7,9,10,11,14,15,16,18,21,22,24,25
2252309406028: 1,2,3,4,5,6,7,9,13,16,17,18,20,22
2252988388938: 1,3,4,5,6,8,9,10,11,15,17,18,19,22
2258067688933: 2,3,7,8,9,10,11,12,14,15,18,21,22,23
2292699762567: 1,2,4,6,9,11,13,15,16,17,20,22,23,24
2296510596902: 2,3,4,5,7,9,10,15,16,18,20,21,23,25
2302887401527: 1,3,5,9,10,11,12,15,16,17,19,20,22,23
2310616585604: 1,2,4,9,10,11,12,13,14,18,19,20,22,24
2320669055983: 3,4,6,7,8,9,11,12,13,14,17,20,23,24
2321476466211: 5,8,9,10,11,12,14,15,19,21,22,23,24,25
2330229511884: 1,2,3,7,8,11,13,14,17,18,20,21,23,25
2340773290873: 1,2,5,8,10,13,14,15,17,18,20,21,22,23
2342735486750: 2,3,4,5,8,10,12,13,14,17,20,21,22,25
2357816052051: 1,5,9,10,14,15,16,18,20,21,22,23,24,25
2400910442347: 4,5,8,9,11,12,13,14,15,16,17,22,24,25
2406310097002: 3,6,7,8,10,11,12,13,14,18,22,23,24,25
2411730030912: 1,2,3,5,8,9,10,12,14,17,18,19,20,21
2419160414951: 1,3,5,6,9,10,12,13,15,17,19,21,23,24
2419350668178: 4,8,9,10,12,13,14,15,18,19,20,21,23,24
2431217851352: 1,6,7,9,10,11,12,13,14,16,18,19,21,25
2432784180734: 1,4,5,6,10,11,12,14,15,17,18,19,22,25
2434201844315: 2,3,6,7,8,9,10,11,15,16,17,19,20,24
2437099245880: 1,3,4,7,8,9,12,14,17,18,19,21,23,24
2438247274205: 3,6,7,8,9,10,13,14,15,18,19,21,22,23
2441129154374: 1,3,5,8,9,10,13,14,16,18,19,21,23,24
2451595393670: 1,3,5,6,8,9,10,14,18,19,22,23,24,25
2454129483163: 2,3,7,8,11,12,13,16,17,19,22,23,24,25
2458190609442: 1,2,5,10,12,13,14,15,16,18,19,20,22,23
2460101176860: 4,6,8,10,11,12,13,14,16,18,20,22,24,25
2512494333277: 2,6,7,11,12,14,15,16,17,18,20,21,24,25
2517398770647: 1,2,3,5,6,8,11,14,15,18,20,22,23,24
2528016458798: 1,4,5,7,10,11,12,14,16,17,18,20,23,24
2537251222767: 1,2,3,4,5,6,8,10,11,15,21,22,23,25
2543048604594: 3,6,7,8,13,14,15,18,19,20,21,22,24,25
2549178191250: 1,3,7,8,11,12,14,18,19,20,21,22,23,24
2564890541261: 2,4,5,7,9,10,11,13,15,16,17,19,22,23
2570519012720: 1,2,4,6,7,8,9,10,12,13,14,17,19,20
2589502446764: 1,2,4,6,7,10,12,13,14,15,19,20,21,24
2642388273650: 1,4,6,7,10,11,12,14,16,17,21,22,24,25
2646307834636: 4,6,7,10,11,12,14,15,16,19,20,22,23,25
2650073701837: 1,3,4,7,8,11,12,13,15,16,19,21,24,25
2677491477051: 1,2,5,9,10,11,13,15,18,20,21,23,24,25
2689077352416: 2,3,4,9,13,14,15,16,19,20,21,22,24,25
2697061887208: 1,2,4,5,6,9,10,12,13,14,16,17,21,25
2703995530597: 1,4,5,8,11,12,13,14,15,17,20,21,23,24
2707673983418: 1,2,6,7,8,10,11,12,14,15,17,19,23,25
2710812710362: 4,5,6,7,8,9,10,11,13,14,15,22,24,25
2716819239884: 1,2,5,6,9,11,12,15,16,17,18,19,23,24
2725730026151: 5,7,9,11,12,13,16,17,18,20,22,23,24,25
2750750115790: 2,8,11,12,13,15,16,17,19,20,21,22,23,24
2758409482180: 1,2,3,4,7,9,11,14,17,18,21,23,24,25
2766388930353: 3,5,7,9,12,13,15,16,17,18,19,20,23,24
2791633710812: 1,5,7,8,9,11,14,15,17,18,19,22,23,24
2800550831978: 2,3,4,7,8,10,12,13,15,17,19,20,23,24
2803138231864: 2,3,7,9,10,12,13,14,15,17,19,20,21,25
2804726364305: 1,2,4,5,6,12,13,15,17,18,19,22,23,25
2810699536046: 2,3,4,5,9,11,13,15,16,17,18,19,20,25
2815907550452: 3,8,9,10,11,12,15,16,17,19,20,22,24,25
2827608284136: 1,3,4,7,11,12,13,14,15,16,20,21,22,24
2839107532934: 1,2,3,4,5,8,10,12,19,21,22,23,24,25
2842718084921: 1,4,5,7,10,12,13,15,16,18,22,23,24,25
2862683790168: 2,3,4,5,8,9,13,14,16,17,21,22,24,25
2871479455404: 1,6,7,8,10,14,15,17,18,19,20,21,22,25
2877779003295: 2,3,7,8,9,11,12,14,17,18,21,23,24,25
2878400675646: 4,6,7,9,10,11,12,13,15,16,17,22,23,25
2886508069479: 1,4,6,7,8,9,10,11,15,16,17,21,24,25
2901197808631: 1,2,5,8,9,11,13,15,16,18,20,21,24,25
2918238464241: 3,5,6,8,10,13,14,17,19,20,21,22,23,24
2921104157875: 6,9,10,11,12,13,14,15,16,17,19,22,23,24
2929508812335: 1,2,4,6,7,8,13,16,17,21,22,23,24,25
2930073510052: 4,6,7,8,9,12,13,14,17,18,19,20,21,24
2932559699697: 1,2,4,8,9,11,14,15,17,21,22,23,24,25
2940085426342: 1,2,5,10,11,12,13,15,19,20,21,22,24,25
2940615793166: 3,4,5,6,9,10,11,13,17,18,20,21,22,23
2947604167522: 1,4,6,7,8,9,11,14,15,17,19,20,21,22
2951605741835: 1,3,4,6,9,11,12,13,15,17,19,22,23,24
2958368049343: 7,10,11,13,14,16,17,18,19,20,21,23,24,25
2965793584992: 1,2,3,4,5,7,10,12,14,17,19,21,23,25
2966989423711: 3,4,7,9,10,13,15,17,18,19,21,22,23,25
2969014499605: 1,2,4,6,8,12,13,14,15,16,20,22,23,25
2991698893918: 2,6,8,9,10,13,14,15,17,21,22,23,24,25
3000730776865: 2,3,5,6,7,10,14,16,18,21,22,23,24,25
3009117128561: 1,2,4,5,6,7,13,16,17,20,21,22,23,24
3015012195010: 1,5,6,9,10,13,14,15,18,19,21,22,23,24
3028464318005: 2,3,5,8,9,10,11,13,14,19,20,22,23,24
3035933227183: 2,4,6,8,11,12,13,14,15,16,21,22,24,25
3043276044805: 1,4,5,6,7,9,10,18,19,20,21,22,23,24
3045816037683: 2,3,4,6,9,10,12,13,15,16,18,20,23,25
3066519376672: 1,2,3,4,5,6,8,16,17,19,20,21,22,23
3072786239516: 3,4,5,6,7,8,10,12,13,15,17,19,23,24
3084891474785: 1,3,8,9,10,11,13,16,17,18,20,21,22,25
3097897379483: 3,5,7,8,9,10,11,17,19,20,21,22,23,25
3101726793843: 2,3,4,5,7,9,11,12,13,17,20,21,23,24
3110996545991: 2,5,6,8,10,11,13,16,17,18,19,20,21,25
3115545768591: 1,3,4,6,7,9,10,11,12,14,17,18,20,24
3116886248714: 3,4,6,7,8,9,11,12,14,15,18,20,22,25
3128231134240: 1,2,3,4,5,6,7,9,15,21,22,23,24,25
3161647060480: 1,2,5,6,8,9,13,14,16,18,19,22,23,25
3163796266861: 1,2,3,6,8,9,11,12,18,19,20,23,24,25
3173906332134: 1,3,4,6,8,9,11,15,17,18,19,21,22,23
3190629665137: 4,5,6,7,13,14,15,16,17,20,21,22,23,25
3201105722799: 1,3,5,6,8,9,13,16,17,18,20,22,24,25
3204160798245: 1,2,3,5,6,11,12,13,15,16,21,22,24,25
3205004637439: 1,3,5,6,8,10,11,13,14,16,17,22,24,25
3205750380071: 2,3,4,6,10,11,12,14,15,16,17,18,21,23
3222593166913: 2,4,6,7,8,9,10,12,17,18,20,22,23,24
3222778366691: 2,3,4,6,8,10,11,12,18,19,21,22,23,25
3250967916567: 1,3,4,6,9,12,15,16,17,21,22,23,24,25
3256869281401: 1,2,4,5,7,9,10,16,17,19,20,21,24,25
3296080597468: 2,4,6,8,10,11,12,13,14,17,19,20,21,23
3309080508781: 2,4,5,6,9,10,11,13,14,16,17,18,19,20
3323517884698: 1,2,3,8,9,10,11,13,15,17,19,20,21,23
3325256842543: 3,5,6,7,8,10,11,12,16,18,19,20,22,24
3356789112246: 2,3,6,7,9,10,11,12,15,16,17,19,21,25
3372500834285: 1,3,6,8,11,12,13,15,16,17,21,22,24,25
3395283939361: 1,2,4,5,6,7,8,11,13,14,15,16,21,22
3411833816295: 2,4,5,8,9,10,12,13,14,16,17,20,21,24
3415231671854: 1,2,3,7,8,11,12,14,15,16,17,18,22,23
3436484557821: 2,4,5,7,9,10,11,15,17,18,20,22,23,25
3455199262741: 3,4,5,6,7,10,11,13,14,15,17,21,23,24
3493024300406: 6,7,9,10,12,13,14,15,16,17,19,20,23,24
3496936382077: 4,5,6,7,9,10,12,13,15,18,19,20,23,25
3505371468703: 1,2,3,4,7,10,13,14,16,17,18,20,21,22
3518182412491: 2,4,5,10,11,12,15,17,19,20,21,22,24,25
3523278983106: 1,2,3,6,7,8,10,12,13,14,18,19,22,24
3526870423448: 4,6,7,8,11,12,13,15,16,17,18,19,21,23
3529571184040: 1,3,4,5,6,10,12,13,14,17,18,22,24,25
3535800354614: 2,5,6,7,8,9,11,12,13,14,15,18,21,22
3558986538483: 1,2,3,4,7,8,10,11,12,13,15,16,24,25
3579764671107: 1,5,8,10,13,16,18,19,20,21,22,23,24,25
3582093716847: 1,2,6,8,11,12,15,16,18,19,20,21,22,24
3614343581015: 1,2,4,5,8,10,11,13,16,17,18,19,22,24
3627172519825: 1,2,3,4,6,7,8,10,15,17,19,21,23,25
3641028456093: 3,4,7,8,10,11,14,18,19,20,21,22,24,25
3656224450363: 1,2,4,5,8,11,12,13,15,18,19,23,24,25
3662109704363: 1,2,6,8,10,13,14,15,16,17,18,20,22,24
3672977952873: 1,3,4,6,7,8,9,11,13,18,20,21,22,25
3673285184998: 2,3,4,5,8,11,12,15,16,18,20,22,24,25
3677418777511: 2,5,7,8,9,11,13,14,16,17,18,23,24,25
3686266380710: 1,3,8,9,11,12,13,14,15,18,19,23,24,25
3690286535818: 1,2,3,4,8,9,10,13,14,15,19,21,24,25
3691705639905: 2,6,7,9,10,11,12,14,15,20,21,22,24,25
3699099724700: 2,3,4,5,8,11,12,14,17,18,19,20,23,25
3710069103974: 1,2,7,8,9,10,11,12,15,16,20,22,23,25
3711991972984: 2,3,6,7,8,9,10,12,14,15,17,19,21,24
3713912135107: 1,4,5,8,9,11,13,14,15,16,17,19,20,25
3715256478426: 1,3,5,6,8,12,17,18,20,21,22,23,24,25
3716095855539: 1,5,6,7,8,9,10,11,14,15,20,21,23,24
3725856778153: 1,3,4,5,7,8,11,14,17,19,20,21,22,24
3742601699926: 2,4,5,6,7,8,10,11,13,14,16,18,20,21
3761387529093: 1,2,5,6,7,9,10,11,12,13,14,15,19,23
3778560695103: 1,2,3,4,6,7,8,9,10,11,16,17,20,24
3819676036740: 1,6,7,8,9,10,11,13,14,15,16,17,21,22
3820586039490: 1,3,7,8,9,10,11,14,15,17,19,20,22,25
3821982287944: 2,3,6,9,11,13,14,17,18,19,20,23,24,25
3827528541428: 2,4,6,7,10,11,13,14,15,18,21,22,23,24
3831849230777: 1,2,6,7,10,11,12,16,17,19,21,22,23,25
3854468089215: 1,2,7,8,10,11,12,13,17,18,19,20,21,24
3887738494815: 1,3,5,6,7,8,9,11,12,15,19,20,24,25
3908540671305: 2,5,9,12,13,15,16,17,18,19,20,21,22,24
3923366521301: 1,2,4,5,6,7,8,10,12,19,20,21,24,25
3933909516093: 1,4,7,11,12,14,15,19,20,21,22,23,24,25
3934820039910: 1,2,3,5,6,8,9,12,13,14,16,20,21,22
3939277835961: 2,3,5,6,7,8,10,14,15,17,20,21,22,24
3954991571873: 1,2,4,5,6,9,11,15,16,17,19,22,24,25
3977977202909: 5,6,8,9,11,12,13,17,18,20,21,22,24,25
4005521305209: 2,3,4,7,8,9,10,11,13,14,18,20,22,24
4021110976511: 1,3,4,5,9,11,13,14,15,16,20,23,24,25
4037368427921: 1,2,5,6,8,11,14,16,18,20,21,22,24,25
4038670907298: 1,4,6,9,10,12,14,16,17,18,21,22,23,25
4054884791100: 2,3,4,5,6,9,10,16,18,19,21,22,23,25
4059460311834: 3,4,5,6,7,10,13,16,18,19,20,21,23,25
4059574030979: 1,3,4,5,6,7,8,11,12,13,15,17,18,20
4074928489671: 3,5,6,9,12,13,14,15,17,18,20,21,23,24
4106003955056: 1,2,4,5,9,10,11,13,14,18,19,21,22,25
4120156197231: 3,4,5,7,9,10,13,15,16,19,20,21,24,25
4152218100257: 1,3,4,5,6,8,9,10,12,13,14,16,21,25
4167179480224: 1,4,5,6,7,9,10,11,13,14,15,18,23,25
4193592921280: 1,3,4,5,6,7,9,10,13,18,20,21,22,24
4199093417048: 1,2,3,6,8,14,15,16,17,19,20,22,23,24
4200613600317: 1,3,6,7,9,11,12,13,14,15,16,20,21,25
4201420564523: 3,5,7,8,9,10,11,13,16,18,19,20,21,24
4219003610634: 1,2,4,5,6,9,11,12,13,16,17,18,20,25
4219806984741: 1,2,5,6,8,9,10,17,19,20,21,23,24,25
4220323915517: 1,2,6,7,8,11,12,13,14,15,18,19,20,24
4220584189749: 1,2,4,7,10,14,15,18,20,21,22,23,24,25
4221309543942: 2,5,7,10,12,13,14,15,16,17,18,19,20,24
4226453003334: 1,2,3,5,7,8,9,11,12,13,16,18,20,21
4243215503696: 1,4,5,10,12,15,16,18,20,21,22,23,24,25
4250244880693: 5,6,7,8,10,11,13,15,16,19,20,21,24,25
4265730186804: 1,2,4,5,6,9,13,14,15,16,19,23,24,25
4268471343151: 1,2,3,7,8,10,12,14,16,17,18,21,22,24
4275821858602: 1,2,4,5,6,9,11,12,13,18,20,21,22,23
4275995849922: 2,3,4,7,8,13,14,15,16,20,21,22,23,24
4289737348766: 1,2,3,4,5,7,10,11,13,14,15,20,22,23
4307390152631: 2,3,5,6,7,8,10,11,12,15,16,18,19,25
4317180698631: 3,4,6,9,10,12,13,17,18,19,20,21,22,24
4318153427933: 1,3,5,6,7,9,10,11,12,14,15,20,23,24
4321652480973: 3,5,7,9,10,11,12,13,16,17,18,19,21,23
4323946182506: 1,2,3,5,8,10,11,12,15,16,21,22,24,25
4324046711136: 1,3,4,6,7,8,10,12,14,15,17,18,23,25
4328415878034: 1,2,6,7,8,9,12,13,15,16,17,22,23,25
4328688965177: 1,2,4,5,6,7,10,12,13,15,16,19,22,25
4332135111566: 3,4,5,6,9,10,16,17,18,19,21,23,24,25
4333390139579: 2,6,7,9,10,12,14,15,16,20,21,23,24,25
4369209076032: 2,4,7,10,11,13,14,16,17,19,20,23,24,25
4382041092205: 1,2,3,5,6,9,10,13,14,15,17,19,21,22
4383468647473: 2,10,11,12,13,14,15,16,18,19,20,21,23,25
4420752865755: 2,3,4,6,9,10,11,12,14,15,16,17,23,25
4447856795975: 3,4,7,9,10,11,14,17,18,19,20,22,23,24
4462140381045: 1,2,5,6,7,8,10,13,18,20,22,23,24,25
4495145223623: 1,2,4,5,8,10,11,14,15,16,17,19,20,23
4517252122085: 1,4,5,6,11,12,13,16,17,18,20,22,23,24
4524000515731: 1,2,4,5,8,9,10,13,16,17,20,22,23,25
4550024122864: 1,2,3,5,6,7,8,11,13,15,16,18,21,24
4561312815175: 3,5,7,9,10,11,14,16,17,19,20,22,24,25
4562378599879: 1,7,8,9,10,13,14,15,16,19,20,23,24,25
4570947677988: 1,7,8,9,10,12,14,15,17,18,20,22,23,24
4585642618074: 4,5,7,8,9,11,12,14,15,18,19,22,24,25
4593603167701: 1,2,3,5,6,14,15,16,17,18,20,21,22,24
4597989812610: 1,4,8,9,10,13,15,16,17,18,19,20,23,25
4603975723032: 2,6,8,12,13,14,15,17,18,19,22,23,24,25
4609828955201: 2,5,6,7,9,11,12,13,14,16,18,19,20,21
4610547909687: 1,3,4,5,6,7,10,12,17,18,20,21,23,24
4614030996320: 4,5,7,8,9,10,11,13,14,15,16,17,20,25
4621501280361: 2,6,7,8,9,10,11,13,15,16,17,18,20,21
4624160802337: 1,2,3,5,6,7,11,12,15,16,17,18,20,21
4656792969948: 1,2,3,6,8,9,10,11,14,16,17,18,19,23
4678926715802: 1,3,4,5,7,9,11,12,14,16,18,21,22,25
4694597334616: 2,4,5,8,10,11,12,13,15,17,18,19,22,23
4701306560322: 1,4,7,8,11,13,14,15,17,19,21,23,24,25
4709678040310: 2,3,4,7,8,9,15,16,17,19,20,22,23,25
4733109478878: 1,2,3,4,7,10,11,14,16,19,20,21,22,24
4749786635474: 2,3,5,6,7,8,10,13,15,16,18,21,22,24
4766569389778: 1,3,4,6,8,10,15,16,17,21,22,23,24,25
4770867958788: 1,2,4,5,8,9,11,13,15,17,20,22,23,25
4782019467463: 1,2,5,7,9,10,12,13,15,17,18,19,22,23
4805165062076: 1,2,6,9,10,11,12,15,16,17,18,19,20,25
4805363880732: 1,2,3,5,7,8,14,15,16,17,19,22,23,25
4818142926461: 1,2,4,5,8,9,11,13,14,16,17,18,22,25
4821283514947: 2,3,5,8,12,13,15,16,18,19,20,22,23,24
4854529156787: 1,4,5,6,9,10,12,14,16,17,19,20,22,25
4879097417781: 1,3,5,6,7,8,10,11,12,16,18,22,24,25
4879913870839: 2,3,7,9,10,11,12,13,14,15,16,18,19,22
4892676707114: 1,7,8,9,12,13,14,16,17,18,19,20,22,25
4910728001439: 3,4,5,6,7,8,11,12,14,17,18,21,22,23
4934931296383: 1,2,4,5,6,8,9,10,11,14,15,18,24,25
4939994860375: 2,3,4,6,7,10,12,13,15,16,20,21,22,25
4950955810805: 3,6,8,9,10,11,13,14,17,18,20,21,24,25
4958044181971: 1,4,5,8,11,12,13,14,16,17,18,20,23,25
4958273753477: 1,2,6,8,9,10,11,12,15,16,18,20,21,23
4976442960753: 1,3,4,6,10,11,13,15,19,20,21,22,23,25
4979182904354: 1,2,4,6,7,8,11,13,17,19,20,21,23,24
4980240523132: 1,7,8,10,13,15,16,17,18,19,21,22,23,24
4981550655608: 1,4,6,7,11,12,13,14,16,18,21,23,24,25
4985853198224: 1,6,7,8,9,11,12,13,17,18,20,21,22,25
4985970547331: 1,2,5,6,8,11,12,13,15,17,18,19,22,25
4988580408743: 1,4,5,6,7,8,10,13,14,19,20,22,23,25
4993690942009: 1,2,4,6,7,10,11,13,17,18,19,20,24,25
5006554883613: 1,3,4,5,7,9,11,12,14,15,18,22,24,25
5024750528512: 1,2,5,6,7,8,9,11,14,18,19,21,22,23
5047965108450: 3,6,8,10,11,15,17,18,19,20,22,23,24,25
5056151642042: 7,8,9,10,11,12,13,14,15,17,18,21,22,25
5056280577920: 1,2,4,6,7,9,11,12,16,17,18,21,23,24
5059355765665: 2,4,6,7,8,9,12,13,16,18,20,22,24,25
5066146676184: 3,6,8,9,12,14,15,17,18,19,21,22,24,25
5067709736088: 3,4,5,8,10,11,15,16,17,18,20,21,23,25
5069991865214: 3,5,6,8,9,10,12,13,14,17,18,19,22,23
5072747592976: 1,7,9,10,12,13,14,15,16,17,18,19,20,21
5087615070871: 6,7,9,10,12,13,14,15,17,18,20,21,23,24
5103210578785: 1,2,3,4,5,7,8,9,11,12,13,14,17,20
5111768299377: 3,4,5,7,9,11,12,13,16,19,20,23,24,25
5119071611920: 2,5,6,8,9,11,13,15,16,17,20,23,24,25
5136843337769: 1,2,5,6,7,8,9,12,13,14,15,21,22,23
5144593748933: 2,4,5,6,7,8,9,11,16,18,19,21,23,24
5149461966986: 2,3,6,7,9,10,11,12,14,15,17,19,21,25
5164766696075: 1,6,7,8,9,10,12,13,15,16,19,20,22,24
5171891971399: 2,3,4,7,8,9,10,11,13,17,18,20,24,25
5190995501439: 1,2,3,7,8,10,11,15,17,18,19,21,24,25
5202938723917: 1,3,6,7,8,13,14,16,17,19,20,21,24,25
5204971647958: 1,2,4,7,8,11,12,16,17,19,21,23,24,25
5210269133252: 2,5,7,8,9,10,15,16,17,19,20,21,22,23
5211493773212: 2,5,6,7,8,10,12,13,15,18,19,21,23,24
5217193077019: 1,2,4,6,9,11,12,13,15,18,19,20,22,24
5224519609354: 1,3,6,8,9,11,12,13,15,16,18,19,20,24
5230486639734: 1,5,6,7,10,12,13,15,16,17,18,19,22,25
5257433326630: 1,3,4,5,6,8,9,12,14,15,19,21,22,24
5259174999727: 1,3,4,6,8,11,14,15,16,17,19,20,21,23
5265734326082: 1,2,6,8,9,10,11,15,16,18,21,22,24,25
5281306916690: 1,2,3,4,6,7,8,10,11,13,17,20,24,25
5283867878806: 1,5,6,7,10,11,12,14,18,19,21,22,23,24
5294143811513: 2,3,4,5,6,8,9,10,12,13,14,20,22,25
5299297675483: 1,3,5,7,10,12,13,15,18,19,20,21,22,25
5299490571894: 1,3,5,6,10,14,15,16,18,19,20,22,24,25
5310724573858: 2,4,5,6,7,10,11,13,15,16,20,22,23,24
5316753002900: 2,6,7,8,12,13,16,17,19,20,21,22,23,25
5321928701510: 2,3,4,9,10,11,12,13,18,19,20,21,22,25
5332908929068: 2,3,5,8,9,12,13,14,15,16,19,20,21,25
5334471800199: 1,2,4,5,9,10,12,13,14,15,17,19,24,25
5343707985576: 1,5,6,7,8,11,12,13,17,18,19,20,23,24
5351550055381: 1,3,7,10,12,13,14,15,16,17,19,20,23,24
5357336794561: 1,2,3,4,6,8,9,12,16,17,19,20,21,24
5369440840227: 1,2,5,8,9,12,13,14,15,16,17,18,20,25
5373587133396: 1,2,6,8,9,10,13,14,17,18,19,21,22,24
5406241477887: 3,4,5,6,8,9,10,12,13,15,17,19,22,24
5418804880782: 4,7,8,9,10,13,14,15,16,17,18,21,23,25
5422238782674: 1,3,4,6,7,8,9,10,15,16,17,18,19,23
5453132792083: 1,2,5,6,8,9,11,13,15,16,17,19,24,25
5453828405696: 1,2,3,7,9,12,13,14,15,16,19,21,22,25
5472267795522: 1,3,6,12,13,14,15,16,17,18,19,20,23,24
5474827323630: 2,3,6,7,8,9,10,13,14,16,18,20,24,25
5486930505834: 1,2,3,5,8,11,12,15,19,20,21,22,23,24
5492292485074: 1,3,5,6,7,8,9,11,14,17,22,23,24,25
5498194049249: 2,3,5,6,7,8,10,13,14,15,17,23,24,25
5505716589954: 3,4,6,8,9,10,15,16,17,18,20,22,24,25
5524115489796: 1,2,5,8,9,14,15,17,19,20,21,23,24,25
5526061862862: 1,2,3,4,7,9,10,11,13,14,21,22,24,25
5536182586210: 1,2,3,4,6,8,10,12,13,16,17,19,22,24
5553180361511: 4,5,6,7,8,9,10,12,15,19,20,22,23,24
5559995745130: 1,2,5,6,10,13,15,16,17,18,20,22,23,24
5568277816116: 1,4,5,6,7,11,12,17,20,21,22,23,24,25
5581348319201: 3,4,5,6,8,9,11,12,14,15,16,21,24,25
5604759620708: 1,2,4,6,7,10,12,14,17,18,22,23,24,25
5631909224063: 3,4,7,8,13,14,15,16,18,19,21,22,23,25
5652908258641: 2,3,5,7,12,16,17,19,20,21,22,23,24,25
5659826780075: 4,5,7,8,10,12,13,14,15,16,18,20,21,23
5675710874941: 5,7,10,11,14,15,16,17,18,19,20,23,24,25
5711223983280: 1,3,5,6,7,8,10,12,13,15,16,18,22,25
5724079778122: 2,4,5,8,10,11,12,14,15,19,20,21,23,24
5753840452872: 1,2,6,7,10,12,13,14,15,17,20,22,23,25
5758554930886: 2,3,4,8,10,11,12,13,15,17,18,19,23,24
5759710847589: 1,2,3,5,6,7,11,12,15,17,19,20,22,23
5780690900919: 3,4,6,8,10,11,12,13,14,15,19,21,22,25
5852110062642: 3,6,8,10,11,14,15,16,17,18,19,20,24,25
5863814635436: 1,4,5,6,7,8,9,14,15,16,17,20,23,25
5864852570137: 1,6,7,8,10,14,15,16,19,20,21,22,23,24
5880806182481: 1,2,4,5,8,10,12,13,14,17,18,20,21,24
5881627148948: 1,2,3,7,11,12,14,15,16,17,22,23,24,25
5911660054567: 2,4,5,7,8,9,11,12,13,15,18,23,24,25
5933110874192: 1,3,6,11,12,13,14,16,19,20,21,22,23,25
5944400099483: 3,4,6,7,8,9,11,15,17,18,20,21,23,24
5957429492961: 2,3,5,7,9,12,13,14,15,17,21,22,23,25
5960385185963: 1,3,5,8,9,10,12,13,14,18,19,20,21,22
5968017435855: 1,2,3,4,6,7,8,10,11,15,16,18,19,24
5970849324350: 1,2,5,7,9,12,14,16,17,19,20,21,23,24
5973333293388: 1,3,4,5,6,10,11,18,20,21,22,23,24,25
5977581218458: 2,3,4,6,8,9,13,14,16,17,18,19,20,22
5990785401633: 1,3,5,6,9,10,11,14,15,18,19,20,22,23
5992382550998: 1,4,5,6,9,10,12,13,15,18,19,21,23,24
6057800406755: 2,3,4,5,8,10,11,12,13,17,21,22,24,25
6071911484588: 1,2,4,5,7,8,11,15,16,18,19,22,24,25
6088063131948: 1,2,3,5,6,8,9,11,12,19,21,22,24,25
6118915206484: 2,3,6,8,11,12,13,14,15,17,18,19,20,21
6121843988551: 4,5,6,7,9,11,12,15,16,18,20,21,22,24
6126613126296: 2,3,4,5,7,9,11,12,14,15,17,19,20,21
6151123854306: 1,2,5,11,12,14,15,16,17,20,22,23,24,25
6168120713359: 1,3,5,6,7,8,9,10,14,15,19,20,24,25
6187010853425: 2,4,7,9,10,11,12,13,15,16,18,20,21,25
6188815009439: 1,2,3,5,6,7,9,11,15,16,17,19,21,25
6200687056234: 2,3,4,5,8,9,10,11,14,17,20,21,22,24
6206996771308: 1,2,7,8,10,12,13,14,17,18,19,21,22,25
6224357562359: 1,2,3,5,6,8,9,10,14,17,21,22,23,25
6244145326486: 4,7,9,10,11,13,16,18,19,21,22,23,24,25
6245161304062: 2,3,4,5,6,8,11,15,16,18,19,21,23,25
6253789601841: 3,4,5,6,10,11,12,13,14,15,16,19,22,24
6254716730267: 1,2,3,4,8,9,12,15,16,18,19,20,22,25
6262169857888: 4,5,6,7,8,11,12,15,16,19,20,21,23,24
6269872595066: 1,3,5,6,7,8,9,13,14,16,18,22,23,25
6276045859184: 4,5,8,10,11,12,13,14,15,16,18,21,22,23
6289368746643: 2,3,4,5,6,10,15,18,19,21,22,23,24,25
6297237013539: 2,3,6,7,8,10,13,15,18,19,20,21,23,24
6304947556348: 1,2,5,6,9,11,12,13,14,16,17,19,20,24
6321555140012: 2,4,7,8,9,11,12,14,15,18,19,21,23,24
6328165150661: 1,2,4,5,9,11,13,14,18,19,20,22,24,25
6346347170118: 2,4,6,8,10,11,12,13,14,15,16,18,22,25
6359134280245: 1,3,4,5,12,14,15,17,20,21,22,23,24,25
6367520777449: 1,2,3,7,8,10,12,16,17,19,21,22,23,25
6388435496917: 1,4,5,7,8,9,10,12,13,17,18,20,21,23
6392803909622: 1,5,8,11,13,14,16,18,19,20,21,22,23,25
6402861520067: 1,3,4,6,8,9,10,12,13,15,18,20,21,22
6418613109048: 1,2,4,5,9,14,15,18,19,20,21,22,23,24
6432487953242: 1,2,3,4,6,8,9,10,11,13,14,17,20,24
6442927622923: 3,4,5,7,8,9,10,11,12,13,15,18,24,25
6454230311931: 1,2,4,6,8,10,12,14,16,18,21,22,23,24
6456328108626: 2,3,4,5,10,11,13,15,18,19,20,21,22,23
6458451303847: 1,2,5,12,13,14,15,17,19,20,22,23,24,25
6463220381809: 1,4,5,6,8,10,11,16,17,18,19,20,21,22
6469576211429: 2,3,4,8,9,11,12,16,19,20,22,23,24,25
6474375110449: 1,4,5,7,11,14,16,17,19,20,21,22,24,25
6490767143461: 1,2,4,5,6,7,8,9,12,15,16,19,20,21
6499342630780: 1,2,3,5,6,10,13,14,15,17,18,20,21,25
6506053488091: 1,2,3,5,6,10,12,13,15,17,19,21,23,25
6507765355011: 2,3,4,6,7,9,10,15,17,18,19,20,22,23
6509515807809: 1,2,3,5,7,9,11,12,18,19,20,22,23,24
6521556544787: 1,2,4,8,9,11,13,15,16,18,19,21,24,25
6559447313646: 4,5,6,9,10,13,14,16,17,18,19,20,21,23
6598676149172: 1,4,5,6,7,8,11,16,17,18,20,22,24,25
6655378884927: 1,3,4,6,8,11,12,14,17,18,19,21,22,25
6672062719300: 1,3,4,6,8,9,11,12,16,18,20,22,24,25
6673627298125: 2,4,5,6,9,10,11,12,14,16,17,19,22,24
6677487054631: 4,5,7,8,10,11,12,15,18,19,21,22,23,24
6687300895298: 3,4,5,6,7,9,12,13,15,16,17,18,19,21
6692126907186: 1,3,5,7,10,11,12,17,18,19,20,21,22,23
6707089644189: 1,4,5,6,8,9,11,12,13,15,16,21,22,23
6708493058060: 1,2,3,4,6,8,9,11,14,16,17,18,21,23
6725069933709: 1,2,3,4,5,7,11,15,18,19,20,21,22,23
6731458682993: 1,2,5,7,10,11,13,15,16,20,21,22,23,24
6736431832168: 2,3,4,6,9,11,13,14,16,18,19,20,21,24
6753364751415: 1,3,4,5,6,8,10,13,14,17,18,20,22,23
6771431801527: 2,5,6,7,8,10,14,15,16,18,19,20,21,24
6782165420607: 1,3,4,6,7,11,13,16,17,20,21,22,24,25
6799996305928: 2,4,7,8,11,12,13,14,15,17,18,19,21,25
6810050439752: 3,5,6,7,10,11,12,13,15,17,20,22,23,25
6873080408780: 1,3,5,8,9,10,12,13,14,15,19,20,24,25
6886991277360: 3,5,7,8,9,12,13,14,15,17,18,21,23,25
6942776169697: 3,4,6,8,9,11,12,16,17,18,19,20,21,23
6959703144689: 2,5,8,10,12,14,16,17,20,21,22,23,24,25
6962298571040: 3,4,5,7,9,10,11,15,16,20,21,22,24,25
6979064145297: 1,2,3,4,5,6,9,10,15,17,18,22,23,25
7025565162924: 2,3,4,5,10,11,12,14,15,19,22,23,24,25
7028891362586: 1,2,3,5,6,7,9,11,12,16,18,21,23,24
7051030192400: 3,4,5,6,7,9,12,13,14,15,16,18,20,23
7051399702722: 1,3,7,8,9,10,11,13,14,16,19,21,22,25
7067670292404: 4,5,6,7,8,9,10,11,13,16,17,21,22,25
7070645014227: 3,4,6,7,9,11,13,16,17,18,19,22,23,24
7075644101228: 1,4,5,10,13,14,15,19,20,21,22,23,24,25
7077110112746: 1,3,4,5,8,9,11,12,13,16,19,22,24,25
7077670768438: 2,5,8,9,10,13,15,16,18,19,20,21,24,25
7087811754116: 1,2,3,7,8,9,11,13,15,18,20,22,23,24
7094864016774: 1,2,3,4,6,7,8,9,10,14,15,16,18,25
7126370855523: 2,3,5,6,7,13,14,15,19,21,22,23,24,25
7142650582241: 3,4,5,6,7,9,11,12,13,17,18,19,24,25
7143701203381: 4,5,7,8,11,12,13,15,18,20,21,22,23,25
7145618842785: 1,2,3,6,7,9,10,11,13,15,16,17,24,25
7158998450330: 1,3,7,9,10,12,15,16,17,18,20,22,23,25
7181214097214: 2,3,4,5,6,7,10,12,14,15,18,19,21,25
7195427688459: 2,3,4,6,7,10,11,14,16,17,19,22,23,24
7199720973578: 1,2,6,8,10,11,12,14,16,17,18,19,20,23
7204185809181: 2,5,6,7,9,11,14,17,18,19,20,22,23,24
7208235534923: 2,3,5,7,10,11,12,15,17,18,19,20,21,23
7210753589454: 1,2,4,6,9,11,12,13,14,15,16,19,21,24
7213089969464: 3,4,6,7,9,10,11,13,14,15,17,20,21,23
7226714565447: 5,7,10,11,12,14,16,17,18,20,22,23,24,25
7238247369937: 2,3,4,5,6,7,8,9,13,14,17,21,22,25
7238284341768: 5,6,8,12,13,14,15,16,17,18,19,20,21,25
7248104303796: 2,3,4,6,9,13,14,15,16,17,18,23,24,25
7248519186885: 2,3,4,6,7,8,11,12,13,16,18,22,23,25
7251739596770: 1,2,3,5,6,7,13,16,17,18,20,22,24,25
7253392433130: 2,6,7,9,11,12,14,15,16,17,21,22,23,24
7259130215767: 1,5,7,11,12,14,16,17,18,19,20,22,23,25
7271773259906: 2,4,5,7,9,10,12,14,15,18,19,21,23,24
7285407735797: 3,5,7,8,10,11,12,13,15,16,18,19,23,25
7289618371041: 1,2,4,5,7,8,11,13,14,15,16,18,21,22
7299186984395: 1,4,5,7,12,13,14,18,19,20,21,22,23,25
7304712727056: 1,2,4,6,7,9,11,15,16,17,21,22,24,25
7322755276420: 4,5,6,8,10,13,14,17,18,19,20,21,22,24
7338181501119: 4,5,7,8,9,10,13,14,17,18,19,23,24,25
7341541260038: 1,3,4,5,9,11,12,13,16,17,19,20,21,22
7349159981646: 2,4,5,7,9,12,13,14,15,16,17,19,20,21
7370726984735: 1,3,4,6,8,13,18,19,20,21,22,23,24,25
7375443325340: 1,4,6,7,9,10,11,12,13,19,20,21,22,24
7378272467519: 4,5,6,9,10,12,13,14,18,19,20,22,24,25
7390733069348: 1,2,6,8,10,11,13,17,19,21,22,23,24,25
7391907155172: 2,7,8,9,10,11,13,14,16,18,21,23,24,25
7404240759728: 2,3,4,7,9,11,12,13,15,16,18,20,22,24
7410348938829: 1,2,6,7,11,12,15,16,17,19,21,22,24,25
7468353243284: 2,4,9,10,11,12,14,15,16,17,20,21,23,25
7472811269234: 1,3,4,6,8,9,12,14,16,19,21,22,23,24
7481169825199: 2,3,6,7,8,12,13,14,15,18,19,20,22,25
7489074127110: 1,2,3,4,8,10,12,13,16,18,22,23,24,25
7497611973115: 2,3,4,5,9,12,16,17,18,19,20,21,22,25
7506455253295: 3,4,5,6,7,8,9,10,11,14,19,22,24,25
7508679877687: 1,2,4,6,8,9,10,12,13,15,17,20,21,25
7516689047372: 1,3,5,7,9,13,14,15,17,18,19,20,21,24
7531122684280: 1,2,6,7,8,10,11,15,16,17,19,20,21,22
7547680783923: 1,2,3,5,6,8,9,13,14,18,22,23,24,25
7554033610585: 1,2,3,7,8,9,11,13,14,16,17,20,21,23
7556653307671: 2,4,9,10,11,12,15,17,19,20,21,22,24,25
7557813769442: 2,3,4,5,6,7,8,13,14,17,18,20,21,25
7566892071223: 1,2,5,6,7,9,10,12,13,14,22,23,24,25
7582418507690: 1,2,3,5,6,8,9,13,16,17,19,20,21,23
7601125800671: 2,3,4,5,6,7,12,16,17,19,21,22,23,24
7612404502246: 2,3,5,8,10,12,14,16,17,18,20,22,23,24
7617542029699: 1,3,4,5,7,10,17,18,19,20,21,22,24,25
7622378437983: 1,2,3,5,6,10,11,12,14,15,18,19,21,22
7637984716910: 1,3,7,8,12,13,16,17,18,19,20,21,22,24
7640576300200: 1,2,3,5,6,8,9,10,11,12,13,18,20,25
7653179019290: 2,4,7,10,11,12,14,15,16,18,20,22,23,25
7664479568158: 1,3,5,6,7,8,11,15,16,17,19,21,23,25
7672836684684: 3,8,9,10,11,12,13,14,15,17,18,21,22,24
7683414088474: 1,2,4,6,7,9,11,12,13,14,19,20,21,22
7689775961995: 4,7,9,10,11,13,16,17,18,19,20,21,22,23
7694665567848: 1,2,4,10,11,13,14,15,16,18,19,21,22,25
7703147799616: 2,3,4,5,7,9,11,12,13,14,15,16,17,20
7703201522779: 1,3,5,8,9,11,12,13,16,17,20,21,22,25
7705239279817: 2,3,5,6,9,10,14,16,17,20,22,23,24,25
7716640037319: 1,5,6,8,9,10,11,13,14,15,17,22,23,24
7718318999474: 1,2,3,4,11,12,14,16,17,20,21,22,23,25
7722472271037: 3,4,5,7,13,14,15,16,17,19,21,22,24,25
7727839967507: 1,2,3,6,7,11,14,15,17,19,20,23,24,25
7734968909968: 2,5,6,8,9,13,14,15,16,17,20,21,22,25
7742021085033: 1,4,5,10,12,13,14,15,17,18,22,23,24,25
7745584735045: 2,3,4,5,7,10,13,15,18,19,21,23,24,25
7754236582840: 1,4,5,6,8,9,15,16,17,18,19,20,21,23
7767179819517: 1,2,5,6,9,10,12,13,16,18,19,20,21,22
7769638284128: 3,5,7,8,11,12,13,14,16,18,19,20,21,24
7785588345141: 1,2,4,5,8,10,11,14,17,18,20,21,22,25
7796253557965: 3,6,7,9,11,13,14,15,16,17,18,19,20,22
7796941655675: 2,3,5,7,9,10,11,15,16,17,18,19,22,24
7808323727227: 4,6,7,9,12,13,14,15,16,19,20,21,23,24
7808721112985: 1,3,4,6,7,9,10,12,13,14,15,20,21,24
7819633176965: 1,2,3,4,5,6,7,9,10,17,18,21,22,24
7832622535379: 2,4,5,6,8,10,11,15,17,18,19,21,22,23
7838180662656: 1,2,3,5,10,13,14,16,19,21,22,23,24,25
7856172736309: 1,2,3,4,5,11,13,14,15,18,20,22,24,25
7856917634458: 2,3,5,7,8,10,12,14,15,16,17,20,24,25
7863936961357: 1,2,3,4,5,6,7,8,12,15,18,21,23,25
7867618393340: 1,3,8,9,10,16,17,18,19,20,21,22,24,25
7894627199982: 1,3,4,5,7,10,11,15,16,18,19,23,24,25
7896235160291: 1,2,3,10,11,12,13,14,17,18,20,21,22,25
7928356664986: 1,2,3,4,8,9,11,13,14,19,21,22,23,25
7984347482706: 1,3,5,6,7,9,11,13,14,16,17,22,23,25
7992876838132: 2,3,4,6,7,10,11,12,14,16,18,20,21,25
7996552155597: 1,2,3,4,10,11,12,14,15,17,18,22,23,24
8024762004455: 2,3,8,11,12,13,15,16,17,18,19,21,22,23
8042308816879: 1,2,6,8,12,14,15,17,19,20,21,22,23,25
8049346689076: 1,4,5,11,12,13,14,15,16,17,19,20,23,25
8077330905370: 1,3,4,5,6,8,12,14,15,19,21,22,24,25
8078695740200: 1,2,3,6,10,11,13,14,16,17,19,20,23,24
8083256433329: 3,4,8,9,10,11,12,13,17,18,19,20,22,24
8085587820671: 1,3,4,5,6,9,10,11,14,15,16,17,22,24
8091257615212: 1,5,8,10,12,13,15,16,17,18,20,21,22,25
8119136059744: 1,2,3,4,7,8,9,10,11,13,17,18,24,25
8121355889580: 2,3,4,5,8,10,12,13,15,16,17,19,21,25
8134202349291: 2,4,7,8,13,14,15,17,18,19,21,22,24,25
8141501561226: 2,3,5,6,9,10,12,14,15,16,17,21,22,25
8145832874768: 2,3,6,8,11,12,13,15,16,17,19,21,22,24
8159305587301: 1,2,3,4,5,6,7,8,10,12,14,16,23,25
8167544417591: 2,4,5,6,9,10,11,12,13,14,16,19,20,21
8172628817739: 1,3,4,6,9,10,11,12,13,16,17,19,21,22
8182091208710: 1,2,3,5,7,9,11,14,16,17,19,22,24,25
8185105190630: 1,2,5,7,10,12,13,15,16,17,18,19,22,24
8185883310534: 2,3,6,7,9,10,11,14,15,18,19,20,22,24
8194791680564: 1,3,4,5,6,7,11,12,14,15,18,21,22,25
8198013204578: 2,4,7,8,10,13,14,15,16,17,20,21,22,25
8202682643446: 1,2,3,6,8,12,14,15,18,19,20,21,22,25
8232810415852: 2,3,4,5,6,8,13,14,15,16,17,18,22,25
8250038237882: 3,5,6,7,8,9,10,12,14,15,18,19,21,22
8252764829152: 1,2,5,7,8,11,12,13,15,17,19,21,22,25
8254840340084: 1,2,5,6,7,8,10,11,13,15,16,19,24,25
8266403934791: 1,2,3,6,14,15,16,17,19,20,21,22,23,25
8281938846698: 2,3,4,6,7,8,10,12,18,20,21,22,23,25
8284140875564: 1,3,4,5,6,7,10,11,12,14,15,17,18,22
8289776956156: 4,5,6,7,8,11,14,17,18,19,20,22,24,25
8291123755336: 3,4,5,6,7,10,11,12,13,18,21,22,23,25
8292185963566: 2,4,7,9,11,13,15,17,18,19,20,22,24,25
8306599126199: 3,5,6,10,11,12,13,15,19,20,22,23,24,25
8324238362681: 2,4,5,7,9,12,13,14,16,17,19,21,22,24
8340022220367: 1,3,9,10,11,12,14,15,16,17,19,21,23,24
8357617594276: 2,3,8,10,11,12,13,14,16,17,19,21,24,25
8363227389455: 1,2,4,5,6,7,9,10,15,19,20,22,23,25
8364101511020: 2,3,4,5,7,8,9,15,17,19,21,23,24,25
8382634644109: 3,5,7,9,11,13,15,16,18,20,21,22,23,25
8385953388022: 3,5,6,7,8,9,11,12,13,17,18,20,24,25
8390180625724: 1,2,3,8,9,10,11,14,17,19,21,22,23,24
8402540519000: 1,2,3,5,6,7,8,9,11,12,14,16,18,19
8421657934327: 3,4,5,7,8,10,11,12,15,20,21,23,24,25
8421731236137: 1,3,4,6,7,11,12,15,17,21,22,23,24,25
8428502249662: 1,2,3,4,5,7,8,10,13,15,17,18,21,22
8439164343991: 1,3,4,5,7,8,10,11,12,14,15,18,22,23
8446895982923: 1,3,5,6,7,8,12,13,17,18,19,20,22,25
8465582970286: 3,4,7,8,10,12,15,16,17,18,20,21,22,23
8478179374512: 2,3,4,6,8,10,11,12,13,14,15,19,22,24
8487737745042: 1,2,3,4,6,7,8,9,11,17,22,23,24,25
8493613574722: 1,4,7,9,10,13,14,15,16,17,19,20,23,25
8520535057002: 1,2,4,5,7,8,9,10,12,13,14,16,19,23
8521427574989: 1,4,6,7,8,10,15,17,18,19,20,21,23,25
8536789652114: 2,4,5,6,7,8,10,11,13,16,17,22,24,25
8548265536696: 2,4,5,6,8,9,13,14,17,18,19,21,24,25
8552065522444: 4,5,6,7,12,13,14,16,17,18,19,20,21,23
8568316389449: 1,2,3,4,6,7,10,11,15,18,21,22,23,24
8591006041770: 2,3,4,5,6,7,8,9,12,13,14,16,18,25
8631140533863: 1,3,4,8,12,13,14,15,17,18,19,20,21,23
8638664571411: 1,5,8,9,12,13,14,15,16,17,20,21,22,24
8648984009149: 1,4,5,6,7,8,9,11,12,13,16,17,19,22
8649705040101: 2,3,8,9,10,12,13,16,17,19,20,21,22,23
8655053326370: 2,6,8,10,12,13,14,16,18,19,21,22,23,25
8668351545256: 3,4,5,7,8,10,12,14,15,16,17,19,22,24
8672443256466: 2,4,5,9,10,11,12,13,15,16,19,23,24,25
8673637084612: 1,4,5,7,8,9,10,11,12,13,14,19,22,23
8677721784187: 5,6,8,9,10,11,12,13,15,16,17,19,24,25
8688039659524: 1,5,7,8,11,12,13,14,15,20,22,23,24,25
8691037555304: 1,5,6,7,8,10,12,14,15,21,22,23,24,25
8697355643741: 3,5,6,8,9,10,13,16,17,18,19,20,21,22
8703212070446: 1,3,5,6,7,8,9,10,15,16,19,22,24,25
8708188908715: 1,2,3,5,6,8,9,10,11,17,18,20,21,25
8713043022074: 1,2,3,4,5,8,14,16,17,19,21,22,24,25
8718327862181: 2,3,5,6,7,10,11,12,14,15,20,21,23,24
8732703428799: 1,5,7,8,9,11,13,16,17,18,19,20,22,25
8744348498070: 3,4,5,7,8,9,10,13,14,15,19,22,23,25
8747558892256: 1,3,5,7,9,10,11,12,14,18,21,22,23,25
8778180203833: 1,2,3,5,8,9,10,11,12,13,14,15,20,24
8784885563509: 2,5,9,10,11,12,13,15,16,18,19,22,23,25
8800453992628: 1,2,5,6,7,9,11,12,13,14,15,16,18,22
8816832986709: 2,4,5,6,11,12,15,16,17,18,19,22,23,24
8821311733139: 1,2,5,6,7,8,11,14,16,17,18,19,21,24
8827533379308: 1,2,8,9,10,11,15,16,17,18,19,21,24,25
8829798040674: 1,2,6,7,9,11,14,16,18,21,22,23,24,25
8838752294575: 4,5,7,9,11,12,13,15,18,19,20,22,23,25
8853122725430: 1,2,3,4,5,8,9,10,11,12,13,16,23,25
8859495441635: 1,2,4,6,7,11,13,14,15,16,17,19,20,22
8863675960042: 1,3,5,7,8,10,12,14,15,17,19,23,24,25
8866726205386: 1,2,5,6,8,9,11,14,16,19,20,21,24,25
8870949796583: 1,6,7,9,10,12,15,16,17,18,22,23,24,25
8871708936421: 1,2,4,7,9,11,13,15,20,21,22,23,24,25
8881153520986: 1,2,3,5,6,8,9,11,12,19,20,22,23,25
8884624935044: 2,4,9,12,13,14,15,16,18,19,21,22,23,25
8888549733959: 1,4,6,8,9,10,14,15,16,17,18,21,22,23
8899571263556: 1,2,3,5,6,7,9,13,14,16,17,19,24,25
8912351207797: 1,2,5,7,9,11,13,14,15,16,19,21,22,25
8924478067850: 3,7,9,11,13,14,16,17,19,20,21,23,24,25
8966019624322: 2,3,10,11,12,14,15,16,18,19,20,21,22,24
8973141443356: 2,5,6,7,9,10,12,13,14,16,18,22,24,25
8978906581405: 2,3,5,6,10,12,13,14,16,17,18,19,20,23
8986175040017: 1,2,4,5,8,9,11,12,13,14,16,17,19,23
8994028292752: 2,4,6,7,8,9,10,12,14,19,20,21,22,23
9001483742447: 2,3,4,6,9,12,14,17,18,19,20,21,23,24
9003956939888: 1,2,9,10,12,13,14,15,16,18,19,20,24,25
9006421943950: 2,5,6,8,9,11,12,13,16,17,20,22,23,24
9014046078002: 1,2,3,4,10,12,13,14,15,17,20,22,23,25
9035986403054: 2,3,6,13,14,15,16,17,18,19,20,22,23,24
9039142410214: 2,4,5,6,8,10,11,12,13,16,22,23,24,25
9039736151864: 1,2,7,8,10,11,12,14,16,19,20,22,23,25
9048389869497: 3,4,5,9,14,15,16,17,19,20,21,22,23,24
9055100468186: 2,4,7,8,9,12,15,16,18,21,22,23,24,25
9061309318378: 2,3,5,7,8,9,11,12,14,18,22,23,24,25
9064801810662: 3,4,5,6,7,9,12,13,16,17,18,21,22,25
9073839197623: 1,2,5,6,7,9,11,13,14,18,19,22,23,24
9076842335598: 1,3,4,6,7,8,9,10,11,17,20,21,23,24
9087750316599: 2,3,5,6,7,9,12,13,15,17,18,19,21,24
9089098159286: 1,5,6,7,8,9,12,13,14,15,17,19,21,22
9093263690906: 1,3,4,7,9,10,12,13,14,17,19,22,23,25
9093835339960: 2,5,6,9,10,12,13,14,16,18,19,20,24,25
9101481536721: 1,3,4,6,9,11,13,14,16,18,19,21,22,24
9115600224189: 3,4,5,7,8,12,16,17,18,19,20,21,22,23
9115900798368: 2,5,6,8,9,11,14,16,17,20,22,23,24,25
9131359649228: 1,4,7,9,11,12,13,14,15,17,18,20,23,25
9134680300352: 1,2,3,5,6,10,14,15,16,17,20,21,22,25
9156504061104: 3,4,5,6,7,9,12,13,18,19,20,22,23,24
9166774050143: 3,5,7,9,11,12,14,15,17,18,19,23,24,25
9177151880528: 1,2,3,4,7,8,9,10,12,13,14,18,20,21
9203114939924: 1,3,7,9,10,11,12,13,14,17,19,21,23,24
9205443692907: 1,2,3,5,6,7,10,11,14,17,21,22,24,25
9213507858335: 4,5,6,7,13,14,15,16,17,19,21,22,23,24
9221573790169: 1,2,3,5,6,8,9,10,12,14,15,16,21,22
9224223586823: 2,5,6,8,10,11,12,14,16,17,19,23,24,25
9235545753806: 1,3,4,6,7,8,9,11,15,16,18,21,24,25
9237086917252: 1,3,4,6,7,8,9,14,16,17,19,20,21,23
9247180490956: 1,2,3,8,9,10,11,12,13,16,17,18,21,22
9247585520609: 1,4,5,11,12,14,15,16,18,19,20,22,23,24
9268653232533: 2,3,4,7,8,9,11,13,17,19,20,23,24,25
9269411260437: 2,3,6,8,9,10,11,12,14,15,18,19,21,25
9270087993131: 3,4,5,6,9,10,11,17,19,20,21,22,23,25
9270675125260: 2,4,5,6,7,13,14,15,16,19,20,22,24,25
9272366996953: 1,2,4,6,7,8,11,12,13,14,15,17,18,20
9302260186301: 1,3,5,7,9,11,12,14,15,17,18,19,20,21
9307290012838: 2,3,5,7,8,10,11,12,16,18,19,21,23,24
9320777212868: 1,3,6,7,8,10,12,13,14,15,16,17,21,24
9329979295295: 1,2,3,4,6,8,9,10,12,17,19,20,21,22
9334188314379: 5,6,7,8,11,12,13,14,16,17,18,19,22,25
9336974320877: 2,3,4,6,7,11,13,15,16,18,20,21,22,23
9364938116615: 3,6,8,10,11,12,14,15,16,18,20,22,24,25
9366816338174: 3,8,9,12,13,15,16,17,19,20,21,22,23,25
9371750715926: 1,2,6,9,10,13,14,15,17,18,19,20,22,23
9378198533183: 3,4,6,7,9,11,12,15,17,19,20,21,22,24
9417840220764: 1,2,5,7,9,10,12,13,14,15,18,20,22,24
9435927656284: 1,2,3,5,6,9,10,12,13,14,15,18,19,25
9437397876907: 1,2,3,5,7,8,13,15,19,20,21,23,24,25
9442030709536: 2,3,5,7,8,11,12,16,17,19,20,22,23,24
9443293113334: 2,3,5,8,9,11,12,14,16,18,21,22,23,25
9447169393720: 1,7,10,12,13,16,17,18,20,21,22,23,24,25
9460195615758: 1,2,3,5,9,10,11,13,14,18,20,22,24,25
9466381959756: 2,4,6,10,11,12,13,14,18,20,21,22,23,24
9467809286855: 1,2,4,5,6,7,10,15,16,20,21,22,23,24
9470536316659: 1,2,5,8,9,11,12,13,15,16,18,20,22,25
9470921342800: 1,5,6,7,8,10,11,12,13,14,16,19,20,22
9484396829872: 1,2,3,4,6,7,9,11,13,21,22,23,24,25
9484546367762: 1,3,4,5,7,8,10,12,14,16,17,18,22,24
9490785339218: 1,2,4,5,9,10,11,13,14,16,19,20,21,25
9492001239504: 1,2,3,4,8,9,11,12,13,17,19,22,23,24
9493545169241: 3,4,8,10,11,12,13,15,16,17,20,23,24,25
9493703252051: 1,3,5,6,10,11,13,15,16,17,18,20,22,23
9497973955589: 1,4,5,9,10,12,14,15,17,20,22,23,24,25
9507162523501: 1,3,4,7,10,11,15,16,18,21,22,23,24,25
9516368635280: 1,2,3,5,6,7,9,12,15,16,17,19,23,24
9527399696687: 2,5,8,11,12,13,14,16,17,19,20,21,24,25
9528785310527: 4,5,6,7,8,10,12,14,15,17,18,19,22,25
9543450295444: 1,3,7,8,10,12,13,14,15,16,17,19,20,23
9544541088546: 1,2,4,5,10,11,12,13,14,17,19,21,24,25
9557280317358: 2,4,5,6,8,9,12,13,17,19,20,21,22,24
9588250475431: 1,3,6,7,8,11,14,15,17,18,19,20,22,24
9623358715727: 1,2,3,5,6,8,9,15,16,17,19,20,22,24
9633109615622: 3,4,5,7,8,10,11,13,15,16,17,21,22,24
9642704919097: 3,6,8,9,11,12,13,15,16,18,20,22,24,25
9643807200309: 2,3,4,6,7,11,12,15,16,17,19,22,24,25
9645338560261: 1,6,7,9,10,12,13,14,15,19,20,21,23,24
9659501167834: 4,5,6,7,9,10,12,14,15,16,18,19,20,24
9678049400589: 3,4,5,9,10,11,13,16,17,18,20,22,23,25
9682064335291: 1,2,3,4,5,6,9,11,12,15,16,17,21,23
9682141510984: 3,5,6,10,11,12,15,16,18,19,22,23,24,25
9685796068301: 3,4,5,6,7,9,11,15,18,19,20,23,24,25
9690898841670: 2,3,4,5,6,8,9,10,14,17,18,19,20,25
9701465027252: 1,4,5,6,10,12,13,14,15,20,22,23,24,25
9703962172431: 1,4,6,7,8,9,12,16,17,18,20,21,24,25
9707126391495: 1,5,7,10,11,12,13,15,17,18,19,20,24,25
9717037016512: 3,6,7,9,10,11,12,14,15,19,20,22,24,25
9718001592111: 2,3,4,5,6,7,10,12,13,14,17,19,20,22
9718337093242: 1,5,8,10,13,14,16,18,20,21,22,23,24,25
9722043086086: 3,4,5,6,8,10,11,15,16,18,19,22,23,25
9740633264168: 1,2,3,6,7,9,10,12,16,17,18,19,23,25
9742116036622: 1,3,5,6,7,9,12,15,16,17,19,20,21,25
9744949977590: 1,4,5,7,8,10,14,17,18,20,21,22,23,24
9764081886953: 2,4,5,7,8,11,12,14,15,16,20,21,23,24
9768108828226: 1,2,3,5,7,9,13,15,16,20,21,22,24,25
9774054614765: 1,2,3,5,6,7,8,11,18,21,22,23,24,25
9788198966956: 1,2,3,4,5,8,10,12,14,17,19,20,23,25
9788290384828: 2,6,7,8,9,11,13,14,16,17,19,21,22,24
9788915059413: 1,3,4,6,9,10,11,13,14,15,18,19,21,22
9790222922805: 1,2,4,5,8,11,12,15,17,19,20,21,23,24
9798079086640: 1,2,5,6,7,9,11,13,17,18,19,20,23,24
9804314341077: 1,2,3,7,8,10,11,12,15,16,20,21,24,25
9814810596371: 1,3,4,5,7,8,10,11,14,15,16,19,23,25
9825534025883: 1,6,7,8,9,10,13,14,16,17,19,20,21,22
9840050842271: 2,4,5,6,9,11,14,15,17,18,19,20,22,25
9846484765361: 1,2,4,5,8,9,10,11,13,14,16,23,24,25
9874330606318: 1,2,6,7,8,9,10,12,14,16,17,20,23,24
9902167090974: 1,2,6,7,8,9,11,15,16,17,18,20,22,23
9919436424844: 1,2,3,4,5,6,9,10,11,12,16,18,19,25
9923154927623: 1,2,3,4,6,8,10,11,12,14,17,19,22,25
9925603100734: 1,8,9,10,12,14,15,16,18,21,22,23,24,25
9978469533844: 2,3,4,6,9,10,11,12,13,15,19,20,22,25
9984310809303: 2,3,6,7,9,11,12,13,14,17,20,22,24,25
9986330612729: 1,2,3,4,6,10,13,14,15,16,18,19,24,25
9987335254383: 4,6,7,9,10,11,12,15,19,20,21,22,23,24
9991948982130: 1,2,3,4,8,9,11,12,19,20,21,23,24,25
9992061802136: 3,5,7,8,9,12,14,15,16,17,18,19,20,24
