====================================================================
14 ACIERTOS, PREMIO TOTAL A REPARTIR ES DE $387021411
====================================================================
====================================================================
13 ACIERTOS, PREMIO TOTAL A REPARTIR ES DE $14331000
====================================================================
====================================================================
12 ACIERTOS, PREMIO TOTAL A REPARTIR ES DE $6940500
====================================================================
0801145045622:1,3,4,5,6,9,10,12,13,17,18,19,21,22
3529571184040:1,3,4,5,6,10,12,13,14,17,18,22,24,25
Total Ganadores: 2
QUEDANDO UN TOTAL PARA CADA GANADOR DE: 3470250
====================================================================
11 ACIERTOS, PREMIO TOTAL A REPARTIR ES DE $5729976
====================================================================
5334471800199:1,2,4,5,9,10,12,13,14,15,17,19,24,25
2803138231864:2,3,7,9,10,12,13,14,15,17,19,20,21,25
2921104157875:6,9,10,11,12,13,14,15,16,17,19,22,23,24
5149461966986:2,3,6,7,9,10,11,12,14,15,17,19,21,25
0037304547683:2,3,4,6,11,13,14,16,18,19,21,22,23,25
2432784180734:1,4,5,6,10,11,12,14,15,17,18,19,22,25
Total Ganadores: 6
QUEDANDO UN TOTAL PARA CADA GANADOR DE: 954996
====================================================================
10 ACIERTOS, PREMIO TOTAL A REPARTIR ES DE $ 4570000
====================================================================
8744348498070:3,4,5,7,8,9,10,13,14,15,19,22,23,25
9371750715926:1,2,6,9,10,13,14,15,17,18,19,20,22,23
2068130531652:2,3,4,6,7,10,11,13,14,15,16,18,19,21
4328688965177:1,2,4,5,6,7,10,12,13,15,16,19,22,25
2431217851352:1,6,7,9,10,11,12,13,14,16,18,19,21,25
9093263690906:1,3,4,7,9,10,12,13,14,17,19,22,23,25
8520535057002:1,2,4,5,7,8,9,10,12,13,14,16,19,23
2570519012720:1,2,4,6,7,8,9,10,12,13,14,17,19,20
5332908929068:2,3,5,8,9,12,13,14,15,16,19,20,21,25
0598781633575:1,4,6,7,9,11,12,13,14,15,16,19,24,25
4854529156787:1,4,5,6,9,10,12,14,16,17,19,20,22,25
0003443925884:1,3,4,6,8,10,12,13,16,17,18,22,23,25
8784885563509:2,5,9,10,11,12,13,15,16,18,19,22,23,25
0228694015515:2,4,6,7,8,9,10,12,14,15,18,19,21,22
6346347170118:2,4,6,8,10,11,12,13,14,15,16,18,22,25
6506053488091:1,2,3,5,6,10,12,13,15,17,19,21,23,25
8202682643446:1,2,3,6,8,12,14,15,18,19,20,21,22,25
2231021649827:1,3,4,6,8,10,12,13,14,16,20,21,24,25
8655053326370:2,6,8,10,12,13,14,16,18,19,21,22,23,25
7051399702722:1,3,7,8,9,10,11,13,14,16,19,21,22,25
9003956939888:1,2,9,10,12,13,14,15,16,18,19,20,24,25
9093835339960:2,5,6,9,10,12,13,14,16,18,19,20,24,25
8085587820671:1,3,4,5,6,9,10,11,14,15,16,17,22,24
1378198826998:2,3,5,6,8,10,12,13,14,15,18,19,21,22
2119330540722:2,4,6,8,9,11,14,15,16,19,21,22,23,25
7025565162924:2,3,4,5,10,11,12,14,15,19,22,23,24,25
8672443256466:2,4,5,9,10,11,12,13,15,16,19,23,24,25
9014046078002:1,2,3,4,10,12,13,14,15,17,20,22,23,25
5526061862862:1,2,3,4,7,9,10,11,13,14,21,22,24,25
Total Ganadores: 29
QUEDANDO UN TOTAL PARA CADA GANADOR DE: 157586
====================================================================
